961
1
29
39
60
33
27
70
81
56
85
125
129
148
143
162
166
9
11
4
205
223
229
215
236
252
167
40
246
287
30
130
1
233
317
3
14
337
358
348
242
372
6
357
374
318
397
20
418
425
35
415
439
446
449
126
82
468
459
448
87
479
224
61
282
505
49
511
510
1
533
8
557
563
376
297
135
573
232
167
581
1
338
534
428
582
129
338
353
623
291
632
137
637
3
625
649
1
126
481
363
540
3
463
687
692
345
318
541
706
447
655
395
608
2
444
567
400
763
101
722
758
88
253
759
431
506
646
197
773
776
775
4
598
624
474
318
408
603
581
672
789
800
247
797
237
750
795
163
382
170
801
513
607
792
237
776
359
831
82
714
71
777
585
2
164
769
496
149
237
607
823
758
646
585
247
624
294
457
149
304
19
253
815
376
776
46
516
827
669
574
265
450
1
224
659
822
631
830
85
703
28
143
244
444
378
195
2
851
514
780
785
874
331
831
296
666
662
861
597
694
600
658
841
56
888
566
818
126
26
868
844
547
426
787
800
373
450
454
364
474
889
616
522
359
351
19
291
805
373
616
450
12
275
304
709
324
392
150
224
3
826
28
904
680
338
900
732
237
807
696
798
170
240
903
574
802
713
469
898
716
185
402
919
140
783
865
460
813
26
901
14
528
311
650
1
368
818
435
838
480
224
728
582
132
939
846
574
915
389
765
724
70
558
576
374
218
743
820
839
432
864
688
633
333
53
15
873
837
391
6
657
784
547
591
890
851
40
728
860
10
10
469
208
10
806
319
717
336
880
792
475
707
759
517
318
574
389
946
392
40
583
616
535
1
455
447
230
401
591
854
822
837
701
543
395
601
631
640
707
359
3
701
460
725
272
480
447
924
480
568
882
268
607
426
639
465
69
419
840
469
644
808
204
668
86
786
766
809
99
386
397
664
347
126
456
700
707
909
808
28
140
512
926
239
64
171
273
927
576
318
353
683
66
847
776
479
155
663
30
788
739
897
863
327
593
512
206
382
450
43
468
35
441
838
408
825
288
582
764
391
226
642
573
348
626
656
273
142
247
168
289
910
877
726
596
574
839
359
797
512
78
184
259
411
489
288
935
373
547
206
838
27
513
721
91
54
852
952
238
224
769
918
238
2
761
808
539
552
662
881
898
658
427
857
916
474
886
157
574
76
747
206
912
491
828
661
401
288
145
1
946
506
815
741
897
47
290
27
461
866
4
170
327
801
728
922
79
519
489
485
574
654
912
295
908
305
558
808
861
750
40
435
1
906
915
907
707
588
454
777
75
619
20
633
755
924
918
773
2
747
476
6
266
107
534
1
22
693
783
614
359
15
230
130
346
797
906
28
726
480
828
1
836
467
822
931
821
1
851
2
78
679
363
948
783
564
863
617
5
916
843
208
171
896
71
592
844
206
195
5
722
845
854
428
398
349
863
416
716
907
813
513
540
512
896
130
163
948
217
897
132
615
150
599
813
432
797
284
82
638
694
4
309
66
483
477
602
273
253
1
416
561
237
956
665
580
28
785
923
434
289
214
26
375
406
820
26
480
276
624
3
422
204
580
640
153
950
373
419
13
469
611
469
499
230
1
397
114
705
240
1
46
247
695
426
374
583
564
6
512
679
237
776
338
459
176
69
349
636
852
911
477
783
799
339
777
400
213
381
543
961
62
172
167
767
713
79
163
730
382
398
401
271
288
669
748
667
781
140
339
359
654
787
204
12
544
743
734
628
383
66
660
355
3
438
90
398
626
90
586
930
365
840
22
843
915
703
463
688
382
344
373
817
764
440
796
522
427
379
527
8
480
844
608
684
911
512
132
651
483
889
139
673
882
776
8
929
805
1
6
73
827
386
3
574
489
858
450
468
3
443
465
319
752
801
163
452
518
664
938
283
224
120
12
649
866
100
506
143
834
639
2
739
920
300
705
814
449
606
178
588
263
866
764
565
748
231
413
1
382
2
858
725
571
773
245
382
954
921
13
186
61
942
721
543
788
558
806
785
496
823
321
372
11
650
388
163
449
282
40
817
375
6
524
472
658
607
758
571
582
330
428
85
373
894
309
860
488
765
871
776
940
494
475
734
830
903
713
594
696
861
477
150
531
827
488
359
788
905
821
544
14
820
583
396
736
369
810
254
788
602
141
788
123
792
752
5
734
688
558
726
19
318
95
661
909
373
594
825
363
430
74
671
487
939
154
485
897
282
772
487
458
863
192
609
135
874
694
886
858
569
271
515
492
548
452
163
19
753
832
