390
1
359
306
343
284
96
184
189
378
369
311
23
72
340
34
343
167
331
8
192
310
340
145
223
29
54
202
308
70
329
95
41
180
220
2
250
269
253
159
2
318
240
353
30
345
247
387
58
125
239
122
164
251
87
285
374
320
309
11
105
93
8
61
126
273
149
378
351
123
6
202
74
20
155
335
52
214
46
251
88
58
385
245
16
85
117
157
3
218
233
351
267
1
1
1
206
246
310
153
184
3
279
100
302
1
14
385
95
97
352
261
266
174
293
303
287
11
102
247
157
173
80
2
200
119
116
54
109
15
388
180
309
68
63
94
26
139
380
293
46
224
259
321
115
217
351
177
183
1
296
204
264
34
124
210
349
268
150
193
272
128
175
118
278
183
195
23
28
127
71
213
328
2
262
1
359
208
52
204
200
252
80
66
333
369
211
4
45
351
214
180
134
308
377
204
203
264
147
121
336
148
278
313
210
184
16
218
143
208
19
342
280
318
50
47
145
64
326
10
322
380
41
77
34
49
166
62
73
324
21
133
168
195
87
333
293
201
295
229
197
1
228
35
85
37
169
230
1
385
287
29
125
332
266
12
271
164
176
57
239
12
78
37
136
341
2
69
92
356
1
193
74
363
266
75
121
351
329
6
139
255
211
131
212
201
199
281
72
215
134
343
3
81
158
62
64
168
145
324
101
337
344
239
136
206
128
373
222
281
24
10
2
272
6
237
147
142
384
30
64
317
331
326
134
20
138
337
233
3
8
168
181
89
55
196
123
226
146
160
54
264
38
349
146
233
76
234
171
201
142
108
77
237
7
290
349
161
21
19
92
295
338
101
31
281
9
18
288
231
38
332
246
47
257
294
92
227
77
69
186
304
209
14
253
169
390
96
11
274
14
44
86
246
148
297
98
124
79
308
277
1
82
220
1
64
114
245
254
24
243
58
149
359
194
73
133
275
19
324
7
365
3
69
197
100
28
131
83
214
16
240
31
37
324
216
2
65
136
133
236
1
1
140
166
3
272
109
55
221
60
55
57
317
353
223
82
390
302
301
226
241
176
323
99
299
21
79
90
244
184
77
295
202
189
225
10
21
16
38
3
245
2
140
83
60
251
259
342
93
138
2
316
348
220
241
1
262
1
57
198
