334
105
115
203
193
178
219
314
292
1
224
302
2
24
334
2
64
300
140
172
198
110
283
148
198
87
119
313
283
7
21
180
121
5
156
241
52
267
279
201
105
142
156
211
183
129
170
6
204
232
143
313
61
104
312
287
228
130
297
3
148
267
130
172
10
43
67
89
1
67
288
91
196
195
143
188
77
89
209
182
270
148
97
130
230
321
27
272
131
97
271
275
1
19
161
6
210
170
292
173
170
289
55
96
301
27
88
161
33
309
273
299
180
309
60
246
166
250
256
86
51
301
257
135
140
64
216
33
156
86
259
1
141
313
9
295
178
72
179
103
88
210
183
150
25
78
167
75
254
305
262
248
101
1
217
122
38
71
139
321
85
37
237
61
241
62
281
225
192
2
291
2
152
113
19
186
70
79
250
112
24
33
300
72
36
329
14
2
187
165
173
79
43
56
30
99
52
135
199
307
245
