399
300
1
255
62
294
93
82
352
205
232
95
392
111
320
178
93
336
50
312
1
120
304
179
87
39
354
5
270
3
1
165
35
116
328
137
355
246
50
2
2
222
158
216
68
139
234
183
294
2
301
66
107
41
341
264
6
3
370
372
99
79
4
260
225
267
45
285
158
301
394
51
260
343
20
358
315
64
292
210
209
255
333
1
1
338
343
305
91
93
27
184
171
148
344
41
260
298
320
229
209
321
365
167
226
73
125
8
6
224
316
76
129
299
123
1
136
169
52
183
1
3
4
127
96
176
338
259
24
247
34
24
311
124
306
1
346
322
293
238
10
220
173
18
286
99
180
294
109
100
289
188
48
42
27
79
231
56
372
318
258
114
283
43
15
196
327
343
94
115
218
48
290
185
36
2
219
306
247
64
71
123
7
204
231
290
84
297
261
3
279
1
91
1
45
272
374
61
181
209
103
330
284
275
288
56
83
166
363
335
170
80
54
78
122
62
345
383
61
158
37
303
92
390
245
80
1
258
87
253
206
64
161
102
88
24
47
158
331
251
347
135
2
9
4
2
129
14
105
226
104
153
57
118
268
262
1
307
131
68
107
61
296
228
109
313
20
203
146
127
165
309
185
82
23
164
136
386
319
8
276
100
378
286
3
85
25
25
18
347
110
318
1
118
294
78
211
245
297
170
191
325
121
160
277
1
230
90
7
324
133
225
361
306
110
232
107
18
311
344
224
235
38
1
9
40
27
246
162
187
47
190
264
62
169
48
109
359
202
139
178
222
202
245
134
217
311
28
21
94
185
26
131
321
317
33
150
143
68
374
321
337
266
174
44
275
247
389
32
295
326
1
67
6
135
73
399
57
363
266
83
62
79
257
40
382
275
1
112
17
294
290
262
313
218
148
292
339
132
55
165
232
123
119
200
200
267
176
198
258
185
83
125
1
191
214
221
70
154
116
157
90
197
184
329
109
173
178
192
11
260
345
111
321
124
192
154
267
367
201
355
68
30
290
277
1
194
84
262
350
95
59
329
265
208
127
352
356
132
55
38
123
68
219
1
274
92
314
319
298
116
267
51
56
182
74
256
297
127
108
228
247
220
360
103
239
253
105
160
97
121
239
41
241
71
241
153
157
359
151
132
