325
311
112
177
73
161
1
286
192
1
206
77
235
50
131
1
3
318
147
128
67
129
63
73
82
58
306
1
44
97
54
37
50
85
325
61
235
156
2
121
189
243
8
219
183
226
34
213
139
150
283
154
108
246
159
6
309
81
107
285
89
286
198
164
3
257
7
284
2
158
240
289
315
171
16
12
126
25
135
94
182
35
152
92
208
117
70
266
311
195
319
2
171
104
242
104
294
144
64
5
221
166
172
270
266
132
232
99
258
299
265
100
48
254
165
277
23
85
73
239
197
227
312
22
213
139
267
90
181
231
136
33
77
197
204
302
1
278
42
83
1
267
272
221
123
203
183
93
36
186
196
172
279
192
144
108
290
231
1
7
172
155
236
159
122
177
176
58
274
26
35
290
49
323
50
183
30
266
294
260
204
116
103
304
2
181
157
6
1
53
260
55
218
131
120
163
86
210
1
252
97
