375
2
179
144
351
310
295
159
1
259
70
134
206
162
102
131
132
338
29
260
251
321
292
141
197
26
243
89
260
322
143
364
198
4
11
1
346
333
170
114
273
57
291
4
48
145
225
136
305
60
272
105
74
119
78
9
17
171
340
193
112
252
164
307
322
235
155
268
215
141
53
2
339
215
239
222
239
269
241
231
327
56
143
26
145
91
110
284
210
166
48
226
117
81
128
4
148
313
296
1
195
147
87
1
334
189
93
121
122
102
175
172
94
317
229
88
202
193
287
55
236
98
143
70
1
89
274
257
300
187
214
278
208
241
317
7
97
2
205
55
342
25
260
5
14
230
349
54
7
293
22
233
2
15
121
34
59
90
43
1
346
187
148
44
206
220
345
153
332
309
60
48
42
87
74
172
282
1
232
319
238
107
32
157
114
345
248
248
308
275
338
105
313
149
212
5
210
286
308
61
253
20
148
311
304
223
181
321
46
300
125
232
159
138
196
231
285
301
9
104
162
76
201
25
290
318
44
25
2
207
291
126
88
9
309
123
131
142
1
136
255
355
17
100
326
205
263
182
112
273
100
259
71
173
127
277
2
337
283
250
47
321
271
239
126
291
318
215
141
32
374
230
302
7
44
1
1
323
288
16
264
11
13
132
248
154
94
91
13
11
196
240
172
370
189
85
312
302
255
131
187
63
169
39
114
191
189
218
277
40
305
43
328
39
249
162
228
168
174
22
53
125
354
117
110
253
261
223
371
25
103
265
4
70
301
7
161
308
171
268
214
201
3
36
179
199
41
247
277
93
16
233
272
133
112
66
40
3
94
156
1
232
68
139
201
279
118
108
289
343
67
324
95
226
211
211
255
206
272
2
86
3
147
17
239
97
135
78
294
323
234
75
1
1
222
123
190
181
329
80
186
28
140
139
95
140
216
346
154
124
252
230
292
223
203
96
222
82
314
63
341
1
205
113
89
28
50
253
73
299
252
56
72
173
229
278
82
176
97
133
3
1
137
342
172
242
7
40
211
129
273
47
92
60
337
216
299
332
134
180
99
245
21
2
25
53
16
330
151
136
283
266
200
281
342
5
47
339
22
218
305
117
81
247
179
187
117
194
19
295
78
78
81
346
207
298
173
281
18
221
375
