945
1
10
10
17
22
47
48
56
3
69
82
96
86
100
110
124
119
111
161
174
143
191
200
209
222
235
48
115
53
209
73
298
268
11
267
311
83
352
346
358
363
223
369
49
378
35
215
54
395
362
1
427
86
275
210
323
431
468
382
485
498
428
502
495
500
125
3
525
105
112
537
259
366
549
533
210
545
250
558
556
353
2
583
328
210
2
589
601
2
299
2
364
430
359
3
489
347
643
651
287
661
97
486
630
674
647
286
152
486
441
684
312
698
538
38
712
710
719
725
503
392
111
421
2
175
512
660
739
602
674
18
738
216
48
370
734
584
135
739
162
284
576
3
281
62
307
240
119
495
777
252
1
721
788
85
501
283
662
796
800
210
545
223
396
162
311
101
78
738
2
501
789
125
578
531
306
317
62
201
520
313
128
609
841
385
11
834
18
20
751
647
782
847
578
265
852
292
39
23
444
808
294
85
196
782
396
305
325
871
611
512
858
851
501
263
881
511
864
873
679
337
150
532
859
238
584
503
10
891
84
590
275
711
850
353
765
693
888
129
359
675
255
347
182
887
428
372
101
409
171
909
107
770
28
781
3
364
532
738
911
87
808
125
805
56
490
364
825
162
559
494
230
894
741
758
392
569
3
3
561
745
28
316
195
541
737
428
62
606
438
844
776
536
785
823
662
326
646
201
125
263
669
16
249
465
379
412
584
720
219
499
3
730
176
597
575
394
219
603
8
740
611
733
411
801
549
926
779
201
771
782
301
498
689
488
97
897
893
729
37
666
717
699
864
889
234
786
880
787
13
730
769
70
503
473
299
253
379
338
314
795
789
925
1
801
201
802
692
938
898
388
891
408
799
306
754
905
592
162
840
251
882
908
270
561
283
806
533
726
312
765
83
713
347
258
57
518
224
259
766
504
761
336
508
503
745
329
918
372
400
27
364
769
610
123
622
842
787
584
756
546
853
104
432
550
4
73
344
632
481
71
182
854
128
894
6
326
644
284
733
699
653
192
372
321
389
401
526
499
210
5
896
777
201
443
842
913
162
670
607
741
730
507
183
774
792
584
526
602
802
771
2
945
236
618
371
584
48
784
428
403
370
121
500
249
809
165
555
450
132
774
658
913
133
908
442
615
773
353
473
914
846
38
818
348
477
862
901
166
472
809
373
381
644
448
87
901
682
526
771
82
64
277
506
892
940
37
35
553
593
583
564
745
900
404
4
71
729
2
181
245
496
101
433
854
11
201
703
825
198
446
70
101
557
11
899
790
818
530
540
792
459
103
915
511
433
419
111
828
236
892
726
9
537
332
652
616
500
788
679
59
802
327
930
236
90
662
668
24
231
182
265
585
713
364
884
493
815
3
232
358
133
359
812
901
564
534
3
585
845
901
308
816
706
88
735
353
810
512
227
806
2
48
33
732
482
201
188
462
95
707
659
211
598
502
75
733
902
125
926
490
559
667
9
631
722
183
638
166
1
2
449
688
225
370
574
134
312
309
661
4
367
379
552
535
538
385
11
570
359
872
65
299
717
359
454
353
582
373
9
668
62
730
392
920
534
31
11
627
774
900
455
890
364
347
616
18
29
812
2
2
1
32
685
448
551
48
472
12
491
908
592
101
590
469
353
843
711
210
1
849
370
881
13
359
681
270
800
386
236
908
623
362
1
707
362
236
135
275
60
639
535
242
699
547
876
80
192
803
1
618
921
238
575
898
565
726
742
412
816
566
439
458
106
125
547
125
462
133
886
783
667
646
878
282
498
175
48
83
9
828
49
640
378
811
327
345
785
905
437
136
920
410
1
336
127
885
255
781
5
256
932
272
540
48
652
74
251
763
655
4
134
56
743
1
407
355
516
2
663
747
510
526
495
4
90
329
749
1
371
2
141
564
866
3
278
201
175
896
662
736
570
825
204
370
112
299
712
774
845
376
878
537
368
435
587
1
383
384
119
935
764
538
814
667
345
273
336
576
589
602
122
939
560
904
662
23
783
110
550
392
496
708
27
54
280
241
398
78
48
750
659
741
681
189
90
539
591
44
887
484
538
118
864
192
540
498
517
623
789
790
835
764
839
910
5
674
737
210
838
798
682
814
607
137
257
874
834
777
770
248
491
266
557
436
97
57
249
70
802
272
726
194
58
539
354
342
502
748
936
591
538
551
97
143
598
223
789
232
224
896
602
185
379
480
250
751
6
287
851
299
540
675
767
418
518
109
484
604
920
188
404
675
348
831
744
713
137
652
847
97
418
267
287
1
900
792
507
526
576
