919
1
18
4
14
30
50
24
3
2
84
88
91
97
134
118
145
86
172
17
13
9
205
89
210
227
215
16
251
252
85
274
287
264
290
295
1
39
252
327
288
1
338
348
252
357
57
144
394
400
4
305
419
426
57
447
60
5
457
85
275
201
469
51
464
464
200
483
477
522
509
542
535
194
515
543
414
551
554
85
549
219
173
291
77
590
178
616
592
606
310
19
269
543
1
328
626
650
210
590
666
613
681
420
685
555
2
484
712
266
696
719
725
228
2
430
368
739
291
2
685
745
218
33
663
456
651
455
440
662
646
748
738
345
741
252
301
765
471
777
536
578
779
21
670
458
587
191
181
324
790
643
134
781
627
95
478
229
783
331
188
796
66
1
275
804
60
770
144
2
667
814
167
815
579
166
609
822
655
34
799
823
339
214
213
842
228
539
401
220
465
495
569
206
814
98
795
858
826
395
8
758
801
463
830
226
444
63
3
237
770
601
754
839
815
752
136
105
773
609
219
243
14
1
859
524
206
279
753
523
2
560
365
365
771
330
447
471
833
580
146
7
804
635
682
21
69
424
617
863
19
735
27
832
634
211
739
875
779
531
322
135
142
485
712
206
566
71
813
675
691
321
817
1
432
772
636
359
904
428
56
638
819
564
753
3
757
895
595
174
481
478
464
769
252
700
239
524
113
801
319
314
660
759
766
10
690
808
803
910
871
900
484
2
85
561
89
902
291
845
809
537
121
6
316
656
471
817
662
116
823
854
782
1
716
861
692
433
614
894
530
862
378
184
233
427
896
173
390
401
308
555
293
1
638
778
527
548
40
275
828
82
523
280
876
346
8
759
696
544
31
876
919
878
17
593
10
609
208
147
626
257
393
301
293
283
173
470
300
206
172
906
36
867
337
726
740
420
535
403
761
361
85
432
740
773
2
712
99
911
914
888
808
275
840
612
590
263
536
228
234
100
617
571
2
388
843
8
2
767
53
523
8
340
341
110
173
870
252
496
474
458
275
448
470
799
883
191
85
29
368
224
200
216
569
347
843
737
339
613
750
448
368
13
518
726
858
291
60
301
622
54
268
322
316
886
217
893
886
101
533
435
896
235
328
919
891
766
237
552
569
513
266
57
359
1
470
59
5
236
791
637
2
11
760
159
584
889
502
92
791
283
828
390
843
335
544
182
566
766
424
214
356
395
51
751
876
859
833
509
54
227
420
639
401
763
395
826
474
816
63
470
206
401
254
536
427
107
366
679
339
686
536
587
599
733
185
96
567
895
658
819
816
914
639
330
309
697
394
41
337
17
448
867
410
524
593
353
128
4
826
395
100
282
781
69
615
544
321
291
76
755
2
907
687
869
827
662
911
474
680
328
22
913
25
201
725
607
452
341
448
885
432
252
151
552
740
898
173
675
7
642
793
8
5
510
51
15
599
457
363
369
252
35
146
9
868
600
653
91
44
810
709
903
739
33
314
458
733
786
607
544
913
858
403
5
849
303
901
629
714
744
503
494
852
696
411
101
485
697
26
581
154
455
914
69
910
53
544
806
86
197
561
686
146
182
664
1
78
804
439
823
585
661
371
587
732
156
216
896
29
439
235
448
2
861
244
622
643
401
8
555
107
427
916
274
549
629
750
898
710
26
407
189
213
177
18
837
92
867
2
19
572
196
603
555
91
629
315
69
88
852
11
805
655
850
375
467
805
508
481
61
368
887
143
261
8
503
100
899
395
252
740
28
364
743
745
594
523
281
135
141
10
141
17
651
215
865
135
639
451
807
1
257
371
9
283
753
412
760
137
873
786
273
394
848
419
771
356
420
873
396
737
762
288
893
694
1
382
333
497
765
720
94
159
825
59
730
261
32
853
349
468
173
31
829
905
705
361
561
754
621
638
319
325
884
441
37
463
644
585
300
753
7
678
488
162
366
667
292
766
135
359
93
135
871
785
595
385
884
220
791
462
51
542
349
726
551
555
460
348
329
402
804
5
647
204
801
321
778
905
152
169
192
58
160
333
647
660
373
732
1
51
234
747
397
42
98
479
39
251
905
391
374
889
917
917
697
828
889
809
272
53
812
647
222
481
544
507
145
239
810
608
250
883
557
166
519
148
119
682
736
236
536
148
467
828
762
43
632
89
723
472
80
812
536
595
45
93
630
462
699
848
881
277
226
410
536
51
407
565
291
559
24
793
477
12
904
768
183
595
372
775
79
798
731
263
833
792
93
359
308
1
595
750
671
51
498
729
348
30
328
799
568
238
229
783
502
863
52
300
