837
1
2
2
6
38
25
54
63
39
73
71
87
4
88
117
133
95
145
55
158
161
168
175
1
39
201
194
203
79
232
240
10
259
263
262
1
279
288
150
299
1
3
202
221
172
333
279
134
352
358
357
360
357
371
376
381
1
4
79
410
403
425
361
388
437
211
445
426
457
457
462
143
105
159
478
489
489
1
5
332
365
506
346
400
438
134
233
509
524
411
520
523
169
118
39
174
264
538
542
75
556
334
479
359
493
189
561
154
195
375
580
607
614
234
208
622
202
404
62
628
628
202
631
178
372
526
268
452
628
546
637
236
577
382
664
330
171
10
134
297
223
280
45
280
534
623
61
5
548
664
528
490
146
691
699
704
707
4
288
64
184
615
458
492
700
698
510
714
707
508
134
589
737
395
673
741
479
491
532
289
502
712
2
263
66
608
134
458
74
535
383
177
134
1
28
761
4
729
722
623
241
693
3
71
708
463
697
2
726
702
565
118
382
214
400
581
1
10
635
70
75
66
527
438
554
169
7
359
186
796
119
306
507
300
538
504
140
479
484
289
77
400
764
776
219
325
254
776
644
650
367
765
253
467
292
321
729
792
724
463
779
55
656
134
176
71
783
745
743
166
393
419
806
630
159
382
204
647
490
680
458
411
679
690
807
309
324
389
43
632
529
531
688
227
7
799
291
233
3
457
306
241
573
289
353
470
359
76
704
465
640
426
334
261
281
446
694
492
372
719
532
302
829
236
367
84
636
178
74
71
738
176
574
11
1
42
555
696
537
1
85
334
755
321
241
140
118
623
553
93
788
204
479
362
233
45
803
499
218
665
5
176
785
264
64
64
14
507
280
565
574
23
1
221
819
818
795
537
427
704
309
295
169
554
238
818
536
230
63
769
101
570
162
209
797
519
411
477
497
159
458
206
383
2
11
74
318
785
580
763
698
784
387
665
170
1
701
746
74
652
269
64
521
182
629
705
2
218
532
375
57
392
446
401
409
514
351
139
623
629
580
484
379
300
182
342
123
212
427
621
680
80
632
359
154
403
410
821
79
697
42
740
159
695
411
515
267
614
19
440
294
631
463
528
319
317
531
260
791
825
1
361
519
4
171
217
370
561
313
175
292
189
206
433
539
569
88
423
562
49
388
3
471
796
1
257
195
245
385
769
758
493
144
684
302
62
516
549
67
96
230
748
159
773
650
162
521
242
120
807
318
604
208
88
301
134
644
387
523
113
575
166
543
490
668
523
280
325
328
197
381
127
150
478
202
1
550
479
815
572
377
816
616
143
530
57
537
555
809
635
804
721
382
667
608
661
796
398
768
713
664
181
175
438
1
636
498
71
461
25
422
775
153
353
446
211
99
754
229
46
20
103
327
10
248
741
720
181
554
681
540
13
493
288
2
321
654
260
744
588
377
539
336
821
55
613
711
52
337
521
416
805
4
568
657
328
392
7
669
40
832
772
539
30
237
374
323
146
105
324
14
501
39
284
395
81
161
496
125
495
17
147
689
5
547
151
655
693
1
159
474
2
532
411
623
632
340
750
267
1
18
551
675
103
179
408
757
260
563
70
811
2
556
557
640
612
608
118
710
246
250
358
202
1
187
527
385
128
782
14
798
1
91
488
770
762
251
2
388
759
23
39
323
318
7
613
211
442
16
178
358
276
714
486
544
571
135
1
672
195
722
804
646
272
813
836
747
723
260
754
324
542
383
1
814
293
465
58
276
731
674
383
118
138
204
479
134
748
664
28
134
43
495
592
525
409
595
645
96
298
742
334
719
289
564
426
684
531
347
662
642
706
25
148
285
784
173
808
329
470
466
342
438
153
688
526
730
228
40
94
375
672
740
716
569
305
758
106
430
688
407
3
193
663
207
514
504
105
823
178
448
749
247
321
49
608
442
615
747
755
1
739
180
765
554
311
769
110
30
558
801
463
188
724
344
783
738
530
709
264
509
573
270
86
411
670
49
539
189
810
212
327
334
837
16
524
513
569
623
160
162
139
179
756
280
111
810
623
741
380
269
705
495
242
635
267
306
545
738
642
269
107
149
57
545
458
532
13
814
737
64
503
280
649
33
639
345
95
810
812
507
176
709
183
370
210
187
535
5
262
295
289
161
803
490
426
581
248
631
800
268
190
645
183
14
509
360
708
749
631
296
754
55
60
426
777
1
798
717
252
560
62
8
444
165
369
430
638
2
90
188
462
163
823
210
353
265
659
490
151
529
331
88
233
146
412
2
187
831
521
340
112
539
125
815
159
334
634
506
387
