498
1
81
73
69
64
42
76
486
72
30
83
493
41
11
31
1
96
2
100
9
117
3
119
120
127
63
4
135
63
2
1
2
173
183
148
137
194
145
195
189
7
4
203
212
203
4
229
84
238
220
121
245
225
232
245
248
209
269
256
498
212
128
250
237
255
279
285
263
2
38
290
5
301
1
294
305
272
227
321
327
315
80
90
170
347
238
308
205
335
356
4
319
63
226
136
365
122
200
307
45
4
86
368
164
375
380
389
340
72
177
389
363
29
324
391
392
184
287
257
216
208
400
278
403
136
82
17
87
352
174
422
222
246
24
386
65
72
348
322
406
31
314
2
338
2
92
70
366
66
372
280
129
299
270
434
396
430
230
162
398
121
125
333
401
356
209
413
98
277
355
376
352
392
412
418
1
248
417
340
398
90
10
136
455
219
63
90
416
390
435
271
177
122
153
356
416
467
33
81
404
25
459
445
77
262
463
137
463
143
416
29
335
342
469
195
210
6
265
10
1
335
441
38
327
1
256
474
2
6
426
20
366
333
3
99
2
57
309
339
300
149
1
342
156
336
29
320
271
429
120
448
381
268
431
306
218
450
88
422
206
465
287
431
2
273
72
41
146
466
246
433
222
205
248
356
231
29
357
385
468
118
174
386
94
204
347
101
17
439
17
344
14
5
491
20
407
287
37
154
496
487
452
281
10
215
248
26
271
203
108
322
206
226
225
483
482
184
132
442
41
221
433
20
11
309
132
10
361
412
477
465
434
446
41
222
29
150
239
387
1
184
171
13
227
8
470
195
439
1
348
196
66
239
456
195
198
440
98
353
88
467
286
1
328
10
413
408
10
90
383
295
77
421
239
483
226
356
105
315
442
213
392
196
124
72
328
118
231
126
291
203
465
444
390
239
354
136
97
193
171
80
139
195
91
468
95
1
271
139
432
38
367
148
424
2
329
333
104
406
201
249
299
456
174
8
337
10
381
1
213
36
459
332
447
141
11
452
269
128
224
404
248
345
459
273
2
468
436
120
444
302
414
145
478
300
385
200
461
211
425
477
36
6
7
3
72
184
97
470
403
78
139
3
477
328
41
253
357
195
403
187
221
397
384
449
228
439
411
450
51
328
174
306
196
292
174
57
256
82
415
