511
1
7
13
22
29
42
15
2
73
53
49
80
89
59
80
37
87
116
1
124
114
43
119
137
5
133
144
5
11
89
170
12
33
1
189
191
3
196
56
203
206
1
2
209
221
202
234
237
227
108
244
90
155
236
242
212
5
247
250
124
129
147
198
3
267
275
279
139
54
261
51
300
7
218
319
321
186
174
99
313
164
330
197
301
234
52
345
1
8
178
341
346
5
335
1
176
145
11
23
304
83
213
355
278
192
178
292
375
361
363
384
362
380
171
337
364
390
393
164
1
358
399
399
397
32
367
74
30
128
159
127
408
291
406
2
416
252
418
261
192
268
63
150
181
119
401
104
56
222
217
229
1
64
182
127
372
338
360
2
425
14
353
296
418
249
326
449
197
170
398
16
79
268
265
264
243
434
459
331
106
464
260
255
308
468
276
469
4
136
141
117
207
127
23
201
129
280
478
167
307
208
157
177
71
133
325
8
190
400
400
356
443
284
90
259
402
482
377
5
470
210
161
415
235
476
435
190
54
74
494
296
88
156
288
325
8
245
334
355
282
392
506
227
30
81
484
496
283
384
357
258
126
238
117
473
35
23
222
452
427
72
388
336
320
297
283
21
238
11
204
333
470
280
427
179
1
2
475
118
17
26
344
207
348
256
171
145
2
16
81
131
2
439
276
320
157
435
491
405
127
395
455
435
117
23
108
219
247
54
442
356
376
190
423
84
166
197
138
434
440
251
274
1
105
509
501
4
385
232
201
133
400
257
376
32
326
427
490
483
3
469
1
471
210
77
424
437
410
4
2
107
186
363
127
343
268
223
165
276
240
43
352
248
268
174
6
344
1
447
185
491
2
217
300
222
72
479
17
235
235
6
466
16
173
15
134
117
446
4
242
43
2
119
220
46
110
443
425
136
394
117
506
14
214
495
337
335
339
163
434
469
344
409
136
4
329
2
511
218
197
364
177
497
236
120
14
422
493
337
91
3
296
245
330
85
486
8
499
209
75
432
2
251
438
486
320
168
138
407
192
400
266
331
88
1
409
429
194
210
196
143
279
361
324
5
397
171
48
253
213
250
205
304
370
52
430
139
162
283
432
387
342
305
487
157
128
367
125
428
349
261
235
447
237
280
330
494
228
293
27
