481
1
1
7
21
27
5
7
8
1
47
3
15
68
11
69
95
88
93
106
111
111
28
125
36
130
42
120
37
141
142
82
138
162
162
2
170
152
90
31
2
121
172
117
194
166
178
208
188
209
220
199
22
167
173
50
239
232
62
170
264
209
70
262
266
2
269
94
195
1
6
285
288
148
204
277
196
288
283
282
303
314
272
312
163
320
107
297
221
318
325
324
296
178
333
327
39
338
63
321
126
340
215
326
353
54
191
340
4
179
336
354
343
239
89
357
95
11
145
196
115
369
366
370
377
13
94
107
186
60
367
385
348
122
377
28
336
348
396
289
69
352
16
413
338
330
114
404
327
420
2
172
423
53
216
1
366
7
297
15
4
37
227
315
130
142
60
1
103
286
278
5
56
1
130
443
220
84
153
397
308
151
339
404
234
164
239
45
177
448
411
339
305
5
313
411
69
229
452
246
276
10
340
209
2
344
332
439
5
356
20
229
319
221
431
374
443
59
414
376
455
254
340
214
371
232
334
384
163
290
144
2
303
327
58
2
195
17
2
2
327
6
464
253
473
65
88
210
131
135
413
107
306
320
298
274
219
4
180
221
445
12
379
283
175
294
2
48
271
1
372
135
383
265
370
444
332
265
20
257
378
154
121
2
28
353
22
283
145
143
5
390
442
163
365
117
185
447
209
107
63
141
378
454
198
73
470
289
269
76
334
10
415
237
170
348
148
48
319
115
4
304
138
301
244
321
390
128
341
14
79
131
163
204
218
107
177
397
187
291
99
327
434
400
360
435
481
159
76
361
407
1
309
404
270
250
114
3
154
318
480
245
12
95
4
455
109
70
136
416
461
297
392
426
233
124
171
219
386
378
156
92
435
139
191
357
9
211
337
225
2
456
60
362
54
54
183
139
452
421
263
347
118
10
1
200
263
334
189
462
290
281
394
33
141
22
438
328
120
171
7
26
408
191
343
2
96
129
289
65
335
460
22
339
378
29
348
33
280
416
339
444
440
12
103
447
457
310
458
181
47
133
455
456
89
313
475
76
26
73
280
16
189
367
458
123
96
112
141
370
402
434
23
348
228
161
10
15
302
461
345
276
2
480
180
370
2
467
189
285
270
2
128
314
321
4
430
236
221
352
326
