333
1
10
14
14
47
13
11
75
5
92
55
2
87
111
96
140
154
143
164
172
172
88
72
112
141
201
192
210
191
165
67
200
12
121
205
11
1
211
52
76
6
1
144
196
199
93
249
181
35
145
259
2
264
7
262
271
268
2
276
284
273
250
79
291
142
296
214
269
270
13
2
93
88
301
302
113
165
117
310
40
109
317
226
101
125
325
9
265
253
190
222
64
124
36
327
269
293
37
53
116
218
37
227
120
46
1
59
59
67
297
26
3
23
119
2
155
22
5
28
56
95
180
135
165
303
217
300
142
269
45
76
333
228
17
145
330
38
157
285
305
31
285
309
174
98
3
133
256
326
317
235
173
4
162
254
321
292
207
69
93
84
313
54
248
189
47
165
173
272
223
1
257
206
192
102
45
140
197
180
319
296
19
2
263
276
210
167
328
83
287
161
180
239
141
244
32
3
272
173
30
