388
1
1
27
34
31
52
70
4
88
104
87
124
132
133
148
35
2
125
149
175
183
184
202
198
206
53
176
149
71
241
89
149
3
242
1
258
11
260
269
116
17
188
193
78
279
50
210
33
177
71
271
43
157
311
322
163
265
153
336
218
258
180
217
282
233
86
1
133
60
315
2
148
25
2
262
270
136
272
1
371
94
91
105
3
125
351
273
158
154
125
210
142
242
366
142
46
335
9
195
2
364
2
342
170
169
337
116
312
355
351
80
264
323
223
98
242
144
287
280
226
65
87
294
30
18
289
388
125
105
136
161
358
276
342
379
98
38
103
252
137
250
51
161
204
61
256
257
6
232
6
25
20
324
2
218
308
316
332
184
26
214
243
61
373
95
203
166
292
185
11
226
1
79
339
302
344
53
261
374
157
43
169
360
370
89
169
128
352
293
217
107
248
276
168
154
2
232
175
61
277
