478
1
38
43
35
46
51
30
38
15
33
18
50
12
92
72
82
2
27
47
3
107
115
122
461
105
126
148
126
129
3
164
93
7
2
116
27
165
186
37
10
197
127
171
42
53
169
207
218
37
224
229
240
231
6
233
41
8
237
205
187
92
253
246
1
123
276
33
284
212
257
2
149
272
310
31
91
6
286
230
178
1
21
176
154
251
198
98
183
161
93
38
242
333
3
335
10
316
198
136
342
275
346
192
242
4
330
283
333
285
317
275
358
2
165
2
334
178
357
43
185
188
261
208
330
196
380
301
363
195
195
225
22
2
17
143
54
116
311
318
205
329
369
321
400
353
359
170
2
73
260
402
402
380
273
349
1
395
6
1
399
343
1
239
215
403
163
5
26
7
360
141
166
413
374
403
319
326
424
346
359
190
106
102
242
311
29
398
1
6
425
123
98
187
368
412
427
420
173
26
330
285
382
361
32
1
14
299
398
350
1
273
268
52
345
2
233
2
408
208
170
452
180
424
386
268
224
51
394
108
285
4
372
425
388
200
104
116
34
159
97
29
58
65
30
121
271
49
7
232
14
225
101
421
346
101
185
336
108
381
270
208
254
277
334
116
130
57
312
412
64
110
301
260
320
341
391
451
208
302
102
61
176
177
134
296
252
387
345
434
341
418
423
2
387
413
127
190
448
240
461
263
340
389
198
470
416
325
359
225
338
353
172
230
305
334
137
127
339
409
177
174
3
4
46
430
351
115
278
419
1
398
81
290
154
283
257
310
150
94
249
431
443
2
430
74
225
232
2
83
395
93
203
20
232
241
245
1
8
77
426
414
1
246
19
403
437
425
350
218
400
185
374
167
328
34
412
116
123
323
478
44
311
93
232
358
252
123
325
208
50
102
63
169
372
343
1
404
395
19
182
456
378
189
80
421
393
142
252
40
116
294
392
200
378
24
8
248
319
413
177
328
457
251
50
117
162
362
228
193
391
352
55
438
331
190
33
208
1
433
367
457
69
148
409
443
294
367
188
281
234
284
285
347
228
270
417
225
387
45
3
6
409
119
194
83
442
269
36
429
3
17
423
190
390
340
300
2
252
302
17
346
165
1
243
381
444
165
78
347
233
128
428
230
352
443
99
395
108
1
2
