541
316
2
167
130
75
412
376
501
1
25
173
17
423
314
420
107
365
1
490
1
443
368
378
206
3
463
37
70
1
42
335
263
236
519
112
226
228
400
10
269
39
401
50
98
200
260
474
498
266
357
392
499
302
341
351
515
86
177
235
267
213
351
43
510
230
407
435
54
489
12
77
278
393
29
369
232
1
32
348
429
402
30
142
347
160
154
240
52
273
455
157
100
241
70
3
1
126
483
6
489
488
115
491
40
541
32
536
466
281
194
359
213
407
219
361
319
291
393
272
11
48
275
186
372
110
302
311
355
174
196
365
196
217
193
107
3
404
148
94
418
359
73
452
425
441
59
272
473
196
5
517
471
133
60
60
474
419
163
268
300
261
4
119
307
85
242
508
324
122
331
480
4
233
409
6
416
193
435
204
327
298
310
141
355
23
486
348
16
303
3
111
388
224
34
2
140
301
279
476
47
114
32
403
13
132
413
347
507
228
108
92
332
416
205
221
486
443
266
489
5
42
5
1
473
36
3
362
101
498
252
90
322
38
272
100
445
1
188
6
179
53
516
170
397
360
345
86
431
452
101
385
107
402
297
12
455
339
62
113
186
175
135
527
418
132
113
359
35
244
1
158
193
245
4
49
514
383
134
520
151
115
5
127
157
319
371
16
447
333
306
501
94
480
279
41
324
480
445
108
268
286
444
230
364
436
140
457
475
141
428
443
374
198
504
16
478
118
388
287
61
410
327
118
23
242
2
177
129
9
331
4
453
441
2
416
464
347
188
420
41
43
215
45
282
229
481
6
451
408
1
261
158
449
158
230
231
470
60
258
372
418
236
224
11
520
434
160
365
262
466
533
8
151
284
447
384
517
92
3
198
393
322
66
494
166
347
41
519
373
94
161
339
202
394
5
252
350
349
1
495
235
160
239
249
511
4
479
454
174
482
38
378
369
392
467
427
364
480
441
142
200
110
513
27
355
269
2
145
153
251
207
355
272
137
175
2
172
433
171
450
287
148
1
421
207
437
179
199
264
340
461
417
2
475
399
195
290
296
462
501
220
273
394
178
230
210
298
147
409
124
119
492
9
490
151
33
387
229
114
101
34
78
488
449
251
39
361
189
432
168
221
452
1
369
58
401
65
141
8
129
