1346
290
989
1107
1021
293
1224
23
698
591
298
584
1
879
1051
829
966
18
1235
1143
934
815
1157
1149
1147
1212
593
264
392
877
633
612
11
1261
945
1164
1
654
290
2
708
375
1329
1100
352
920
879
1146
711
1128
1145
1273
999
1279
792
806
1224
302
974
623
1004
580
596
616
1072
533
1174
1
1006
1280
273
1179
1164
1103
1234
958
6
751
846
627
778
867
1100
771
882
32
1055
687
1112
1226
13
1244
5
1244
2
1283
468
777
5
1222
985
572
5
318
412
837
48
1092
1094
441
1277
281
1041
693
759
785
1315
1259
300
538
1096
503
279
766
400
1113
308
745
1
732
1239
1324
365
1122
936
1239
1202
1222
695
15
1320
511
545
635
463
576
1207
894
689
746
285
702
5
1075
797
13
792
320
899
827
3
468
727
927
1256
1268
2
301
434
1058
23
1069
879
32
1012
1306
849
542
692
617
498
476
876
1342
872
723
443
837
723
390
380
25
16
865
538
744
738
628
1188
1061
1
1016
316
695
839
574
1206
18
2
367
365
773
881
853
630
1008
1077
817
754
1220
990
568
839
823
1
825
972
405
290
1021
1317
774
845
683
953
681
759
736
343
1175
26
1087
794
1148
1265
32
1262
796
894
485
762
950
319
859
1138
701
552
4
352
10
508
710
741
1119
1044
487
359
902
914
928
462
875
1137
491
766
352
1024
1049
332
843
1246
25
932
1195
1295
744
1306
710
605
316
919
45
43
809
863
441
297
871
634
1146
599
677
776
509
401
2
902
445
262
493
488
410
416
1153
1123
741
1215
1304
683
195
1142
1202
573
1272
375
861
454
1230
1006
1
989
1135
633
612
552
10
607
731
1240
1206
768
1126
284
1259
739
22
5
989
800
1059
13
402
985
1156
16
883
766
270
834
983
1252
297
785
10
3
940
357
968
684
340
750
832
1
1229
1102
509
1154
850
816
973
271
730
48
412
993
1026
705
455
343
1257
873
1260
288
816
1315
1242
1043
718
885
737
1279
13
263
967
486
1270
694
804
1171
2
1078
413
744
663
739
1
383
505
984
1294
1177
566
1131
418
8
973
503
765
1296
1022
301
846
440
384
960
1106
1315
950
636
34
1166
995
515
495
6
1332
1085
268
849
1133
814
763
981
641
315
1285
899
1151
433
1
643
1121
820
1313
1014
1215
974
29
854
1305
1267
797
1265
929
804
976
976
1020
516
585
621
1108
3
2
890
1158
663
48
408
1109
516
598
328
837
413
989
1142
539
755
852
466
6
1065
985
655
757
854
845
26
1292
51
22
1135
391
745
1261
498
621
620
1263
659
1264
324
539
377
659
352
510
481
542
1285
753
282
21
759
3
684
781
780
682
731
581
814
693
2
462
865
490
347
24
2
793
691
605
1218
933
1200
321
423
619
1189
1131
2
994
1318
848
361
1069
1133
789
342
805
658
1312
369
366
964
1207
963
884
1107
858
1
660
1334
1141
258
669
1258
1249
603
895
710
1028
1030
789
1236
1214
992
1018
822
1219
772
840
702
1214
1178
700
851
1103
1077
930
27
843
1288
1125
1183
7
23
336
402
834
1064
1204
809
24
3
567
196
585
6
1029
34
1303
13
798
427
1177
921
869
417
500
711
393
1
826
937
1254
1239
968
292
668
5
292
601
1039
1058
38
59
426
381
4
488
1188
1262
696
1063
687
519
1254
460
891
902
1263
452
9
572
671
351
484
590
746
720
319
944
1129
1279
310
1134
1115
1100
361
1244
523
1120
878
987
569
886
3
473
603
331
892
596
1319
1113
959
824
1271
1180
1124
1096
1085
835
4
1210
381
1236
23
1270
858
281
24
1237
15
1088
700
444
1215
503
937
869
1170
1131
852
811
388
1257
612
1086
1253
991
687
613
1020
1260
665
1112
1321
1323
1141
373
758
1140
967
1120
481
1235
687
1267
784
1039
804
9
1213
505
1267
757
1083
1240
2
630
608
321
866
2
446
719
1209
732
886
1158
998
2
909
530
715
1109
467
316
910
832
694
418
843
1031
415
564
1081
1060
52
512
973
441
897
768
756
1312
1022
507
918
736
551
980
967
1239
911
617
534
632
495
1
723
370
1318
1048
50
898
982
1146
926
714
360
1073
48
1038
630
714
1023
989
1126
1068
766
1016
868
557
349
703
1274
1065
452
863
677
712
818
833
1254
1282
610
835
916
400
16
1323
1005
758
899
857
1
1332
1256
750
302
1321
567
1197
10
973
1314
781
1186
769
638
435
1034
588
784
993
1033
422
752
1346
2
879
1238
59
925
444
31
1041
325
636
1000
890
1275
467
546
862
963
1001
61
1226
1276
11
1187
1027
800
289
797
277
30
697
1270
882
514
328
678
1086
354
529
1010
966
722
602
874
491
4
423
923
1007
565
801
773
722
918
1249
1040
1097
603
633
854
1053
1026
1194
1022
411
461
298
409
983
44
1132
607
573
54
863
494
877
886
579
504
451
820
1099
39
621
751
790
1138
701
1173
875
647
749
933
38
194
999
8
3
406
925
819
303
468
982
1263
365
831
396
