1146
45
9
338
3
584
685
5
1068
687
533
305
294
794
1092
967
872
2
634
480
1
434
511
768
404
1130
4
507
24
792
500
797
466
267
1098
1126
704
692
1072
341
1086
369
472
1131
965
853
866
916
872
606
351
281
796
568
1041
1085
543
892
1007
632
1029
5
1078
1
900
50
340
290
12
1100
481
34
407
396
1038
528
1065
779
774
546
976
275
395
1043
942
726
835
784
907
695
901
1015
388
645
492
937
1124
419
338
1125
1079
1009
502
881
905
605
519
645
617
574
956
846
1057
1072
690
1071
456
526
960
453
698
572
773
959
794
1133
1084
493
2
620
756
1
34
7
1104
43
934
782
305
1045
693
59
410
481
809
749
972
856
752
784
965
1126
1
438
799
682
8
46
260
499
872
44
1093
937
341
935
38
550
1017
1091
755
928
263
431
1105
1
480
1001
2
543
1051
997
553
661
915
573
525
1
605
704
322
1134
6
341
665
518
527
868
1026
928
853
400
952
1065
33
529
591
449
1019
1044
909
581
816
317
414
362
14
1101
283
550
454
552
806
791
381
369
917
919
1031
822
3
461
863
441
717
886
414
7
465
64
431
625
517
1053
1007
891
964
739
373
741
1000
265
933
329
398
995
903
1032
324
175
651
888
312
1048
617
1
705
502
823
57
689
806
516
1033
10
337
1017
750
548
329
445
930
817
983
4
981
18
806
30
387
721
344
1080
1027
13
449
475
697
1
489
689
956
501
1100
2
422
543
900
6
797
824
826
624
575
868
741
627
651
552
360
750
1037
625
908
652
13
887
695
1071
678
630
1112
853
1146
943
484
909
777
484
971
863
491
520
791
361
935
571
535
878
1069
1060
1045
843
278
689
696
1038
866
546
705
557
1125
801
847
519
960
367
593
654
886
891
933
885
267
610
707
1037
12
328
724
943
1109
819
827
843
667
957
786
620
490
841
502
314
774
1079
1122
781
916
517
312
9
4
1083
463
753
880
402
803
401
971
53
652
1117
421
996
817
188
27
882
481
315
626
611
573
306
925
437
676
939
511
948
1012
60
346
1
484
17
716
579
748
755
283
817
631
1091
880
257
29
1
664
13
601
435
905
1126
1092
698
916
643
370
569
1094
1124
353
541
347
551
411
710
970
39
173
64
619
335
910
403
916
264
498
1051
702
867
5
1046
1
550
904
1009
271
330
825
699
1072
58
586
571
913
908
344
275
747
982
1
615
388
353
267
28
372
1029
35
263
372
677
719
766
359
696
1107
894
316
23
470
903
593
1128
565
1019
3
614
41
1
772
981
694
800
996
387
729
503
1015
1025
10
417
524
557
784
935
265
368
259
547
1040
1038
500
896
476
628
303
1089
1001
391
905
772
1015
524
2
1003
556
739
685
538
443
635
1
928
69
687
795
1015
1080
946
314
587
506
347
940
4
808
1101
471
293
841
906
672
926
529
696
742
50
261
662
8
952
733
1000
355
330
926
1074
844
471
660
1081
692
1019
1113
39
767
60
50
286
1090
819
809
934
669
867
1067
817
192
608
688
508
980
271
37
813
733
1062
839
542
66
54
601
1078
656
1009
280
691
660
378
10
320
875
897
430
830
33
712
803
868
1032
859
1094
972
862
679
1105
817
367
701
1131
592
935
759
559
903
799
1066
639
440
598
1046
546
409
536
973
1121
392
430
448
839
1018
1140
392
180
459
398
190
255
739
598
1015
1046
380
321
669
938
322
992
987
416
951
263
474
994
1020
543
943
520
494
368
964
387
895
867
789
39
782
679
1125
806
542
811
32
904
610
917
1
464
808
670
910
693
568
15
971
1024
1
966
866
1021
399
822
583
1
653
609
411
955
3
1078
423
18
907
44
658
1089
439
653
877
904
548
949
498
870
455
484
65
3
536
305
485
2
800
747
22
686
1105
422
274
591
47
952
668
1097
280
38
862
1
619
270
995
4
300
731
277
775
488
402
676
36
543
671
1063
563
1
1037
1134
422
442
5
301
851
788
580
333
20
987
187
998
837
764
724
441
923
457
945
556
1042
605
755
835
1103
355
1095
291
833
310
921
515
872
1080
551
775
711
767
1090
802
980
1100
460
378
1075
9
563
688
1060
354
437
988
309
684
597
279
49
388
471
1133
22
423
332
345
1106
541
939
662
298
1145
7
962
435
969
764
4
510
699
468
754
989
429
1027
936
902
507
977
791
375
934
912
7
657
380
1010
390
1034
515
412
406
732
854
1019
776
535
928
903
307
978
878
747
975
438
1041
501
650
665
1114
1070
1116
1
974
901
317
616
29
946
1053
507
1021
304
763
1110
989
1083
394
595
1078
811
613
74
837
415
978
421
902
985
874
11
874
1037
713
1058
882
299
600
636
364
539
37
475
556
697
68
54
829
894
1070
270
574
688
782
822
608
349
1107
651
1058
762
36
