471
415
230
147
113
399
462
407
387
141
235
347
449
264
379
135
10
1
450
243
188
5
207
62
306
88
347
148
239
29
105
82
290
23
73
10
287
18
126
397
364
408
110
1
345
441
164
428
272
132
447
40
274
383
37
1
429
451
429
15
184
24
379
116
329
332
365
76
42
118
91
352
195
283
353
7
174
249
307
212
382
257
367
344
147
156
266
443
139
298
452
337
311
3
432
451
243
303
470
236
314
1
320
118
304
1
144
194
3
306
194
51
336
160
233
416
367
300
223
33
396
260
245
173
248
218
208
103
221
2
234
322
214
166
186
8
265
124
7
282
248
462
133
261
326
356
393
289
153
309
104
71
8
466
405
98
82
46
168
73
308
264
230
295
13
329
86
4
1
179
28
250
255
201
445
5
3
252
46
235
77
440
7
403
222
101
213
401
352
402
375
13
89
333
155
431
255
435
257
391
115
192
153
371
256
96
320
456
467
78
154
219
280
248
290
245
183
298
243
456
8
427
223
1
252
328
296
163
320
22
112
174
1
343
315
317
283
391
124
72
213
463
437
2
398
407
283
251
464
81
46
217
284
453
273
101
405
60
381
78
67
80
400
117
4
133
225
459
143
14
290
12
80
371
262
302
307
84
1
9
147
106
15
407
300
457
1
423
3
236
425
242
1
94
185
22
182
270
133
389
321
418
94
258
285
440
431
380
452
313
424
124
97
85
50
159
427
419
246
258
65
387
203
461
355
232
187
206
138
96
331
132
350
20
370
159
169
374
391
199
180
21
4
180
271
69
343
1
421
240
96
449
438
444
228
9
362
302
249
210
83
274
275
4
7
77
69
254
124
329
406
33
172
437
393
171
396
409
208
359
334
1
109
155
15
297
444
4
458
376
1
259
69
440
188
259
19
462
74
30
4
383
21
86
265
386
180
303
16
238
107
153
270
471
354
93
38
35
2
203
420
327
1
186
4
4
241
296
415
103
296
1
220
118
400
436
202
403
103
155
469
282
1
467
373
467
204
291
252
103
360
211
145
455
409
1
372
448
5
254
7
384
297
340
412
175
457
333
396
13
379
274
31
365
311
23
347
1
352
134
137
417
330
2
91
376
213
436
237
371
389
363
133
315
94
20
336
425
1
305
378
