356
278
59
2
81
312
334
156
155
59
35
291
201
295
94
18
184
333
1
193
281
238
1
245
18
189
17
2
39
214
173
36
136
289
99
192
10
254
80
173
144
105
29
70
296
292
154
125
39
70
320
248
67
325
279
133
122
239
186
220
258
216
183
281
2
43
316
199
144
182
284
314
80
304
112
141
114
175
63
4
72
140
121
144
205
150
64
312
22
316
177
1
290
341
325
148
356
308
254
131
197
242
68
13
92
96
1
6
261
80
165
316
197
50
151
87
218
245
206
45
62
55
169
336
267
275
6
38
31
217
95
158
114
124
160
20
13
224
28
346
36
270
1
313
319
146
156
177
312
188
151
16
151
305
3
255
174
251
8
2
193
74
177
3
187
45
84
11
119
308
30
292
15
194
205
68
280
355
231
257
209
34
321
310
9
7
193
73
180
66
339
162
211
128
177
309
234
296
32
27
300
