474
188
385
291
326
4
70
387
287
134
94
172
132
355
201
336
152
323
422
328
422
448
296
442
319
244
201
370
216
136
271
188
279
97
388
123
346
431
310
364
439
401
338
363
52
341
204
158
266
13
335
331
280
1
466
171
315
431
430
444
311
204
325
235
305
376
252
43
1
212
324
99
351
3
103
394
208
193
96
274
312
236
241
282
88
279
16
273
150
382
112
1
392
407
401
341
333
58
304
80
368
166
317
112
246
7
82
3
53
354
121
342
132
306
348
329
64
397
318
247
5
98
392
142
1
12
434
55
457
359
415
289
362
390
90
1
61
285
347
440
207
140
250
329
340
439
223
398
165
119
148
6
1
374
196
421
135
1
333
388
52
450
79
86
179
219
253
376
130
151
462
2
8
310
267
210
398
436
256
4
259
81
177
213
178
445
228
399
402
301
7
346
414
138
474
413
432
120
453
254
381
