1436
418
1350
837
1283
1191
40
1333
1263
6
860
938
935
798
134
797
456
528
923
980
1154
1213
421
856
1387
396
675
1383
793
1133
1
6
1162
471
1255
1308
1278
1436
462
1277
781
453
606
435
1058
741
756
772
1317
609
1301
933
763
1082
1016
636
1369
840
1413
1379
500
1391
1379
483
769
564
468
470
1140
1354
444
511
896
1176
36
632
3
1
940
962
1342
1365
902
1205
561
1005
7
908
869
1394
1114
1305
650
608
1061
1244
1212
1395
1288
1050
1182
1067
1264
1185
928
763
872
800
1120
967
1327
1286
1250
1
1076
842
993
570
925
699
904
1338
1111
1068
476
880
670
662
1227
846
568
1232
1020
5
772
855
39
2
615
715
450
1409
413
706
631
381
1132
720
1424
510
893
584
459
1081
1100
1108
1229
1266
630
539
939
1287
2
709
1359
634
938
795
718
1191
1108
1023
1036
735
708
5
1260
1315
1269
461
41
779
725
749
419
387
852
1342
462
665
762
1411
608
3
1414
2
1
1335
2
35
1102
509
1104
7
704
1328
1024
464
720
459
1375
1408
950
731
773
1341
1373
1312
4
1162
1376
623
1006
1368
1222
390
1041
3
519
495
592
504
648
1199
1172
1147
1090
1265
560
947
1412
446
1155
822
1019
1276
577
131
1023
1379
778
811
8
1156
1154
1
1288
506
17
1174
374
1092
147
982
931
1335
1065
1222
1151
406
1040
1019
1014
508
1216
568
1023
1307
403
1077
1075
1411
978
661
719
422
1148
791
1386
1060
2
1258
815
1064
129
1127
1119
838
550
864
427
489
773
1210
1239
1358
742
1239
1183
536
550
1316
1393
612
1053
1020
1217
1097
941
1109
796
569
389
466
1074
1029
40
545
1134
1046
997
940
1252
539
725
1223
643
2
5
871
668
1389
506
1161
434
380
529
977
726
1132
1347
1094
1235
397
1319
923
1227
561
829
407
1346
1202
780
625
3
1007
846
1322
399
449
128
775
46
405
987
997
1250
953
1016
1158
710
1108
735
393
9
3
574
1117
1342
769
782
748
498
781
454
1036
629
1109
1357
851
1367
1347
618
438
1
410
624
1182
1033
1432
520
1167
755
1208
732
726
585
788
844
643
1354
420
1373
528
556
518
916
1416
652
607
1413
801
739
777
16
1013
1324
700
1371
933
1393
138
891
449
1089
919
585
1397
934
1207
599
1199
793
1002
1219
965
378
1133
1169
1207
738
1001
1291
1326
755
1002
1402
1254
3
553
1211
1362
743
1126
638
1089
604
4
616
396
1267
966
1255
398
726
844
388
1092
6
404
924
1386
1172
2
371
454
1072
907
473
655
1132
818
1152
1188
654
2
647
1078
1301
1153
681
1228
1382
675
536
1333
521
2
1237
989
517
1158
627
538
489
7
1422
2
620
671
1014
989
972
479
1193
447
413
955
1115
997
1226
11
518
1226
687
1024
1171
974
852
736
395
899
13
533
1301
1343
1081
121
567
524
1404
1410
9
1032
1189
1292
524
992
1375
733
751
1068
821
1333
626
1087
638
1206
1091
1030
742
619
1159
1354
1099
864
1129
2
1414
1041
1257
848
3
1163
1163
875
1
929
1285
414
1351
636
558
1186
578
1133
1028
1036
1
1259
1280
2
541
532
4
802
1
705
607
456
994
744
498
32
1245
946
1135
474
765
1356
1331
614
990
397
1166
729
1251
939
1066
554
491
1
647
674
592
1090
892
1011
406
1316
853
10
960
542
1345
782
596
1025
1204
1060
42
417
682
1217
1410
1129
924
739
614
929
1038
398
1365
45
1231
1048
372
658
450
947
536
641
1158
1094
594
1236
1156
572
1198
975
630
1432
1208
716
481
1009
1040
779
615
1013
996
631
1270
1216
742
1163
1221
552
982
975
1079
556
948
910
767
948
1068
1062
1337
995
587
1126
1
1047
1234
396
421
1357
938
1084
1254
633
899
450
631
1097
545
1388
1011
802
529
1176
462
149
1205
1363
711
466
777
1
1067
1044
511
1340
425
1235
558
878
797
1269
622
1009
1230
998
457
1069
887
951
1355
1194
884
581
143
769
7
1350
1363
733
1175
1400
786
5
1357
1048
932
1349
564
1199
1254
1318
3
706
629
388
922
37
435
1342
401
956
632
5
524
7
792
1
735
603
1011
1000
567
1118
509
744
1
797
1322
981
640
696
1022
1084
4
1385
1423
841
1432
1348
411
1089
1251
936
1234
1380
612
1207
604
758
5
1348
1409
771
885
958
1300
804
1142
13
601
776
1420
403
483
763
938
770
611
755
891
54
1043
903
1299
637
1
772
1011
848
1313
1
998
931
470
1099
945
1098
583
956
612
912
5
574
915
140
607
1405
616
1143
624
982
6
1349
420
1164
1226
990
646
975
1016
515
507
897
961
458
540
479
47
429
1304
519
654
1232
585
910
931
1237
1277
1018
724
1427
1218
1053
386
587
1399
47
617
1197
969
948
1285
1278
759
549
1232
1410
1354
607
144
139
1414
129
633
438
1216
974
933
809
441
1267
564
734
147
835
917
382
750
1217
1059
1060
1002
1186
1370
405
1219
785
1406
1144
1415
650
402
497
854
1282
1245
399
1191
512
1
640
1124
1067
916
1101
947
465
846
1253
1129
877
773
857
788
421
1169
501
1216
391
401
1151
648
