378
343
204
33
174
263
33
26
328
88
184
92
54
2
249
207
353
44
34
1
109
105
170
266
69
63
195
108
206
179
321
225
47
152
2
83
280
157
4
38
1
362
252
299
321
36
53
362
34
244
7
188
21
225
45
38
180
97
71
1
354
15
28
186
14
58
327
173
296
291
261
153
279
105
205
116
105
348
103
295
19
308
253
26
113
55
94
153
35
322
26
333
188
337
341
3
360
68
171
286
191
128
183
110
216
314
259
266
119
290
307
141
213
284
371
205
284
222
272
273
41
129
122
349
369
257
377
6
286
282
294
194
88
211
1
148
17
1
221
2
278
297
196
294
205
336
132
194
105
177
239
117
122
64
13
352
74
277
245
38
16
361
365
7
45
329
199
316
188
234
63
165
127
125
132
1
46
227
316
24
39
250
118
322
16
271
106
30
133
46
79
247
273
92
374
378
257
132
225
276
9
