1293
793
1110
523
3
210
308
620
200
1063
1080
796
1051
1282
1165
987
602
454
1034
1074
231
3
1231
869
703
1
1213
202
1099
1075
1054
2
446
868
338
228
2
191
1094
777
460
905
588
1206
1267
778
816
738
1013
1007
400
1063
770
866
343
1103
361
837
831
1114
804
1154
898
566
751
213
1066
1088
1051
464
1211
951
185
1279
1176
463
919
1243
975
177
238
797
999
872
321
549
663
1252
1061
1131
1200
455
329
557
380
1185
357
941
797
889
707
1176
198
951
892
791
322
1255
544
555
525
504
388
1261
561
558
1090
419
510
657
731
1008
426
945
794
490
787
1103
311
1062
202
1284
512
824
517
638
581
751
498
185
504
1181
612
627
241
1155
701
554
3
745
392
451
1131
823
1
444
202
1193
954
525
969
682
917
664
898
857
586
1159
577
445
1270
193
1251
1207
1114
883
993
1101
587
1256
989
1266
787
1233
591
479
549
216
212
1159
733
1194
393
1
1013
2
701
331
1169
1087
667
1260
782
947
1244
771
667
1034
821
868
665
240
1078
1108
1034
913
1194
618
1
800
1124
574
375
1009
6
1080
1108
1054
687
980
999
631
1169
1104
1024
1000
562
894
213
608
586
400
185
605
1169
840
517
452
1110
218
458
850
1222
679
957
1
1
1187
1171
998
1011
1242
1040
976
3
514
190
945
1015
215
1180
600
621
530
378
613
363
798
576
1196
484
1005
885
1150
252
789
783
985
606
1
1214
1251
641
950
695
540
495
4
666
659
1007
232
196
1104
1174
829
391
185
524
738
627
1242
931
881
929
944
1074
340
566
187
920
877
531
752
503
540
545
1205
962
821
375
398
977
557
407
897
1017
347
842
1109
760
852
2
216
812
843
823
673
185
753
817
1
2
938
394
1064
1029
993
627
305
356
552
1138
249
803
929
1259
2
1196
1201
319
1100
624
767
5
1222
994
1192
241
652
2
1125
607
505
796
1209
1210
613
1013
1214
1059
610
961
1112
1174
926
816
688
4
219
815
1096
3
321
368
1276
529
391
1135
583
393
668
301
793
921
625
1080
862
352
465
248
3
578
767
1129
388
190
1022
358
610
253
830
636
592
685
329
802
1027
1228
649
1193
382
856
852
566
552
1203
344
835
461
644
977
352
702
611
1203
1248
1140
467
834
1045
204
511
809
898
820
1208
775
658
872
747
831
722
837
2
311
585
1250
763
537
1016
466
574
2
347
517
998
826
1139
650
1073
784
1243
1235
240
836
895
1056
1264
1168
218
407
771
986
1225
1066
499
576
478
967
673
439
605
1
438
630
952
914
647
887
1192
330
331
1
196
220
582
1054
244
845
447
1058
1007
787
758
669
3
880
349
171
838
888
186
604
1
995
935
936
890
632
1002
1116
1239
637
878
737
689
1114
221
533
321
647
936
1088
1162
777
668
948
1260
211
1
539
208
245
1118
1249
1172
225
1171
369
331
639
1187
931
1228
365
880
392
494
564
426
204
960
1158
661
381
616
649
371
969
343
509
326
1102
1049
201
1104
1118
682
1208
389
573
848
434
1163
341
1195
1062
950
415
788
947
184
1077
213
754
1234
192
1205
842
531
1081
618
801
4
1143
946
7
898
891
790
820
520
1220
246
1018
178
919
970
393
1167
825
1102
744
807
812
1039
658
1157
641
1155
657
326
861
1002
988
1158
514
599
394
372
487
971
315
1081
513
1179
790
1082
1154
879
851
447
350
880
1
2
894
746
953
674
1260
452
382
1106
1082
731
367
181
1229
1177
1006
1004
843
1071
700
1046
378
208
567
1205
1264
584
503
780
496
468
593
772
1072
325
476
661
1176
664
415
424
920
554
358
787
1028
435
584
321
1215
458
435
213
793
1206
657
914
702
1064
1149
542
244
317
387
825
192
593
1218
1126
440
1246
1188
373
809
786
622
1198
208
962
858
1273
751
189
792
1233
1269
185
194
1208
699
953
600
223
330
885
7
833
869
496
847
1118
1035
750
745
761
1048
850
501
217
672
779
735
666
801
1268
819
456
1043
1003
923
304
847
965
665
384
799
798
618
888
985
6
840
825
808
493
1043
505
613
643
430
376
1010
1086
989
1004
1122
817
1
991
1167
769
1251
416
1216
468
190
449
214
886
442
999
943
1022
536
1069
609
1171
404
523
942
651
690
444
577
206
608
5
1069
1020
602
1046
324
564
1208
500
1089
775
898
368
1257
1255
711
642
1184
704
681
998
720
596
940
789
1216
415
798
1280
1172
945
690
905
1018
1183
594
423
308
455
660
583
563
438
598
451
1112
848
697
197
190
233
644
1197
1214
232
1081
398
979
1271
1237
1089
959
372
444
1246
597
557
1244
617
1166
457
1146
1199
599
511
224
487
411
973
1225
370
986
659
946
351
631
590
1293
991
1
695
830
1151
202
571
430
633
896
1251
753
335
1
1160
1274
459
1
362
1235
716
5
181
1142
840
816
944
886
327
1037
1223
1104
1099
206
850
1004
918
483
1164
208
187
519
4
1181
818
569
761
1097
971
1013
1201
