1704
1490
1289
1298
1602
772
1288
558
1018
1383
1296
1678
1516
980
1241
1324
743
801
1308
1341
1171
3
1567
578
1565
237
1557
1338
862
1225
1426
787
1216
873
23
1095
1621
1320
1598
547
1548
1131
1324
1564
1323
547
1039
1532
2
1325
1420
675
1091
1239
1666
1150
1008
1040
1492
1534
1686
1647
862
804
1391
1067
1225
1262
1666
731
1499
1255
1284
1600
1689
1344
1625
1483
1077
1073
1154
23
1480
863
610
1347
1588
1648
1606
1473
840
230
1570
695
1408
740
553
998
1658
3
10
1344
1259
1430
1388
1619
27
1442
1336
1310
893
1148
1613
1
733
1667
644
1448
633
1306
503
1433
1525
926
856
1511
583
1
1
1376
2
433
508
1680
1
779
1164
1058
991
1484
828
13
1216
1525
1161
679
764
1596
856
1431
842
1625
1209
1292
1089
1301
982
671
1219
667
501
688
684
1375
1327
1
771
1304
1575
1566
1168
804
610
1032
1593
558
1455
1553
1507
668
1192
1152
1271
1573
1631
1600
9
994
1014
1246
1456
1221
1380
820
954
652
1551
2
602
1228
535
794
1075
1152
767
539
1394
1276
1055
1668
894
1179
764
1
1057
707
1530
1399
538
913
1252
549
964
1675
1150
835
565
618
838
1112
1471
620
1412
1472
245
1198
654
1463
25
1667
851
4
1506
952
865
584
7
785
1
821
680
862
1239
3
871
1323
1304
649
517
866
1068
607
1532
1582
1447
1427
1347
524
1567
1
818
1523
901
1101
553
1411
686
1652
1309
988
1034
1293
1308
1227
1317
900
1157
1042
1652
1564
1502
1217
1310
1201
240
727
826
1677
1493
1492
902
1332
1241
1386
1110
554
1704
1301
1578
1396
1389
671
4
726
1305
1411
1659
695
1012
24
1548
674
1346
1517
507
1139
1696
853
1233
1614
508
1612
844
898
1048
1483
24
1317
1573
878
1279
932
1397
631
1662
1335
953
1619
516
727
1217
1574
1483
937
1387
1206
592
1363
1665
592
1515
1312
16
793
1520
997
1356
559
1689
1427
1464
1
1307
920
1356
9
653
833
813
1270
1667
861
942
1264
1434
1464
1076
1110
1629
944
1059
720
1358
1497
844
1174
1494
1266
1594
1307
1512
1332
1472
1667
1332
1470
1
1447
1
1308
1289
1015
1450
1351
1318
1633
621
1575
1592
622
1210
1604
1217
1065
817
689
1142
752
1
783
1584
537
1005
1675
1015
1502
1155
961
549
874
1595
1502
15
1170
1575
1526
770
1473
21
662
1607
1483
1219
765
739
1508
1044
1627
645
1235
1579
1149
1614
1025
1342
1043
23
1477
639
1630
1220
683
574
1533
847
5
2
863
2
1252
1624
1009
1428
1110
1684
1122
1618
1629
1647
540
1231
893
820
1561
1673
1186
589
1031
691
947
24
1246
1403
711
588
508
1235
1081
1302
1342
1072
1498
1587
1273
1645
1588
1
935
1682
1529
1529
7
223
1177
1393
677
565
775
1564
1302
1379
702
712
859
1106
798
1290
1082
824
758
1283
1180
895
703
1145
229
1669
1331
11
1023
1325
997
615
829
1616
1372
1610
1034
1642
438
829
856
1380
4
834
1588
668
1391
547
4
1500
23
1389
1398
1043
949
1109
1214
846
591
1385
1441
1424
1358
935
1188
550
691
1648
830
1272
1098
1361
1351
524
1639
1054
1633
1003
1232
1
1574
855
1318
1240
1340
1671
1328
1220
851
1172
31
6
1349
640
1366
1569
524
1627
991
572
492
1233
1075
820
1002
13
1
1109
1491
620
637
600
1419
545
767
504
1270
27
734
830
649
736
1560
634
540
241
1351
541
1029
580
1607
1016
1036
1692
1661
796
1599
501
1525
686
945
236
520
1271
963
1631
1185
1019
1502
769
1154
1623
567
1568
1323
836
672
655
1643
1622
1426
987
545
3
1474
1209
1673
1591
821
1613
1572
643
691
1677
1659
1062
731
1579
645
1691
560
927
617
1245
625
1287
1349
1580
7
1147
661
831
1404
842
1557
1609
1625
1185
1268
1338
945
1612
9
1410
248
752
1107
876
1475
886
607
1562
1159
1583
1347
1656
773
712
1518
1230
1246
1533
1618
1275
1096
626
1645
1604
1536
952
534
1256
1628
1302
1292
1300
642
1637
803
1226
1048
1249
1031
1504
1220
1509
1
3
788
1341
1598
793
1114
1356
6
1496
1199
1350
3
535
1160
586
661
22
1501
1013
1575
830
714
541
1141
616
869
933
1311
847
972
516
1393
5
881
1588
1602
1565
717
721
1649
1663
1051
795
16
1294
919
1
601
1512
17
22
1254
1696
594
730
1683
726
676
1605
1404
739
1000
704
1219
1585
1338
1678
1092
1489
1312
698
799
747
831
938
434
674
1077
1656
766
1052
811
1086
1102
1299
1504
1
820
508
8
544
681
1515
1544
1133
1190
966
1454
1514
1069
1123
911
1200
1620
531
1682
833
1060
662
587
568
1119
234
1401
1
779
876
530
1645
1306
884
1419
1620
1409
1623
1067
838
1660
1095
921
531
1599
1313
1564
1584
1196
1591
756
1185
1670
648
1119
1406
631
1552
6
560
1064
1006
1675
866
1249
1264
602
1322
1409
1603
1076
1385
2
1573
601
1313
1356
953
1316
5
1371
1559
1651
915
562
988
1241
1535
837
1068
875
677
1222
1434
1511
1254
235
725
860
1614
1255
1372
957
754
1464
1488
1275
1541
1264
1542
532
1
1072
882
1555
1165
627
1313
1429
758
678
1249
645
1401
856
3
1636
1192
1373
6
986
1638
3
779
1300
743
3
851
509
1196
1135
1032
1598
1568
764
1294
