490
1
346
109
158
367
348
189
414
135
452
161
405
407
142
399
293
308
409
384
454
1
352
264
490
116
187
147
1
111
229
132
126
343
474
456
368
351
209
28
473
360
150
329
371
410
353
385
360
174
124
465
419
386
449
453
117
7
356
482
220
138
3
181
449
194
10
262
400
269
376
417
92
474
172
403
100
367
216
295
2
368
112
336
303
104
4
337
229
416
415
274
160
9
425
19
317
243
107
7
245
5
200
459
399
381
464
256
168
14
330
297
1
381
315
372
277
354
143
125
353
1
233
427
340
476
237
296
3
457
425
221
183
394
156
93
334
256
114
1
2
436
440
268
1
5
4
250
158
344
469
391
2
231
226
331
244
202
209
250
316
466
326
12
264
147
129
483
275
22
259
141
224
103
163
460
401
318
391
150
444
403
120
465
297
1
474
195
400
299
273
9
415
310
300
407
374
362
108
340
285
