472
332
461
362
433
377
338
249
1
1
103
176
116
359
204
193
451
367
434
299
164
157
382
355
146
7
133
233
186
4
222
4
384
385
28
420
142
401
248
94
457
426
363
230
5
253
469
386
12
294
463
257
200
421
288
19
295
140
346
456
294
6
25
240
178
280
377
268
148
307
2
284
409
264
456
447
155
324
409
17
341
129
428
174
375
387
316
347
1
17
447
368
259
276
350
5
392
177
223
258
287
215
258
141
28
135
19
138
294
229
368
247
385
36
298
110
189
162
185
310
85
413
169
186
453
453
167
240
324
191
393
1
95
323
121
264
439
2
371
390
249
472
469
1
209
8
104
213
281
436
1
287
334
168
401
9
4
457
262
256
165
2
447
1
266
407
13
314
460
379
408
110
108
198
13
156
373
101
239
234
319
240
22
272
149
1
112
298
393
420
377
331
392
169
438
389
24
444
11
175
107
