658
569
286
534
365
542
254
57
258
170
2
603
280
633
334
298
585
11
209
4
449
267
532
172
341
251
5
398
373
182
410
229
491
540
264
644
537
613
50
317
52
299
228
471
449
641
181
379
605
58
264
410
349
550
591
524
497
312
471
261
543
350
177
3
609
578
656
348
343
262
300
631
317
546
301
197
268
544
3
242
484
1
392
563
453
215
303
198
490
294
601
157
514
34
166
587
630
358
555
552
172
359
593
537
462
298
314
511
587
557
38
640
643
527
421
376
637
546
325
1
201
654
139
390
190
614
361
188
202
414
218
499
640
165
138
635
498
323
190
1
456
8
520
484
551
555
633
41
175
201
456
566
500
490
257
582
37
34
593
612
658
224
178
571
518
619
417
219
571
459
597
150
477
589
46
543
532
1
445
34
550
342
528
392
2
509
427
214
221
448
584
356
300
634
322
355
358
327
171
519
619
437
209
2
204
496
244
310
501
363
442
418
549
587
329
617
273
519
453
408
589
270
590
50
475
141
380
546
647
536
287
236
2
4
492
142
554
286
375
1
645
564
628
152
477
343
650
292
473
285
388
257
654
380
458
484
445
167
1
282
408
306
560
162
648
385
367
555
5
493
528
625
245
251
313
355
129
210
482
352
354
219
162
371
33
619
410
378
329
610
145
393
337
2
506
249
170
346
517
625
389
286
454
4
252
300
278
438
618
50
187
243
55
374
45
349
463
447
610
557
560
556
179
363
572
1
390
311
402
651
179
617
423
164
148
606
334
455
651
634
573
642
489
333
2
44
580
304
1
160
566
2
467
7
306
381
2
528
174
400
371
345
237
165
277
265
441
47
56
209
224
416
315
537
2
385
425
291
381
510
258
526
268
434
222
49
388
639
442
555
142
194
1
205
240
403
370
234
558
629
41
4
543
29
612
655
432
395
355
372
519
383
532
582
416
209
611
61
535
168
180
255
622
366
295
448
49
1
46
7
366
383
312
252
625
6
314
535
263
454
31
202
263
440
497
269
418
564
158
54
340
551
136
541
1
497
55
526
220
157
172
181
181
213
429
286
581
4
258
346
619
289
212
3
65
244
222
538
621
526
7
325
52
66
1
53
554
2
585
528
149
271
230
493
242
617
1
562
558
429
180
