619
11
124
473
268
210
408
399
65
472
22
569
557
139
77
98
426
503
2
217
591
308
391
109
1
7
560
1
472
331
403
586
235
247
359
261
365
222
482
290
105
354
322
165
220
601
294
288
183
296
552
264
159
388
531
243
284
3
269
347
528
534
502
394
166
276
169
412
500
132
304
208
1
530
11
298
397
540
263
9
450
584
214
173
213
19
545
59
1
370
542
4
426
562
458
144
412
269
228
475
222
1
2
116
227
283
1
325
102
344
586
17
190
224
556
458
156
367
562
456
409
451
148
422
409
535
607
4
602
371
84
566
559
13
315
481
282
605
380
380
158
290
578
530
487
60
614
102
231
272
385
366
192
429
32
9
178
416
490
8
252
485
178
290
265
10
368
310
129
168
427
418
501
4
442
432
163
527
175
240
440
7
200
14
274
8
2
610
372
257
504
251
20
619
226
3
561
583
563
401
10
1
517
524
229
77
371
266
28
334
555
26
527
148
121
79
2
2
324
278
7
581
425
531
605
597
394
588
398
591
466
317
603
231
381
449
345
170
209
16
471
202
348
362
259
418
133
531
609
398
262
594
535
462
246
154
425
559
597
590
228
10
484
448
35
307
2
295
16
590
21
213
338
445
149
239
254
384
233
19
126
495
93
404
156
437
565
210
255
2
596
592
440
319
427
393
239
562
1
434
308
586
432
467
415
247
532
293
233
138
105
215
3
595
445
86
270
303
199
310
2
594
3
3
431
523
422
605
1
211
152
218
274
2
562
42
113
23
224
337
401
573
191
287
20
17
539
160
260
318
537
374
373
536
537
331
1
235
269
129
542
509
539
15
12
153
520
197
17
521
241
219
379
375
199
387
219
110
458
410
18
557
491
536
436
606
4
158
551
160
537
134
122
577
403
23
73
119
282
6
266
547
552
444
141
499
98
8
518
102
479
187
69
161
309
141
265
16
526
523
144
571
240
152
420
287
384
101
391
104
499
375
385
496
353
4
569
525
367
441
104
4
233
405
206
10
511
395
293
255
362
152
499
598
2
256
107
2
497
439
6
375
3
612
227
213
39
527
11
155
404
4
85
117
108
547
579
365
97
157
297
455
141
399
357
475
593
511
433
187
614
91
7
280
260
1
462
328
467
146
162
