1248
1019
532
1236
1032
1034
764
765
929
974
672
665
19
495
663
1169
523
1002
476
731
529
372
652
1159
407
712
13
229
1104
906
1
419
911
450
3
720
998
411
439
666
1098
768
275
1092
1084
433
1033
1098
4
603
1150
528
675
1036
1095
995
1062
590
1115
329
333
545
1043
615
862
410
1209
410
447
951
576
59
963
457
1070
409
289
1133
1195
1235
6
11
329
224
569
805
682
541
905
340
538
307
1137
376
1013
1029
49
549
661
621
258
762
295
1101
834
404
1028
566
123
339
788
1139
551
665
421
1
429
414
319
1029
3
1232
650
1037
1120
1162
290
1008
4
396
7
1210
906
238
903
315
549
643
32
1248
1051
934
346
1032
828
591
1057
711
851
314
864
1011
420
813
692
621
358
1206
594
720
537
324
995
32
715
746
1111
219
580
858
1018
590
1163
242
328
811
1134
934
584
1124
978
1127
862
905
816
999
551
1177
726
734
321
1006
350
1168
716
1177
461
1106
383
267
572
1083
453
1183
1082
569
438
1117
447
585
843
995
873
1054
473
410
1217
888
1161
771
932
1059
362
723
1147
353
223
995
365
451
338
287
2
275
18
1136
485
1030
816
735
983
882
1099
1072
804
1145
1085
743
869
299
926
340
1107
828
293
793
963
1021
391
1012
563
854
3
1116
529
773
715
1046
1096
1138
6
573
958
264
426
224
245
802
599
731
1158
487
847
742
37
48
553
785
542
124
654
826
374
1159
464
1190
1102
447
1242
585
417
35
6
253
1129
844
384
533
1
931
522
343
846
393
1
231
834
263
493
1016
911
5
373
268
941
536
606
286
28
956
718
580
874
1119
554
779
276
865
598
1193
587
415
940
359
1070
972
876
1034
280
813
1237
251
2
963
785
1168
865
847
1
51
429
284
328
897
1217
1055
1106
841
575
754
1145
411
445
566
1114
1006
787
853
942
358
728
62
718
1131
25
1152
566
1112
690
383
813
1
644
513
1144
21
478
934
377
1153
5
1032
926
670
660
313
871
706
388
1095
121
918
831
1002
1015
1112
788
537
843
286
451
335
530
234
715
516
622
750
535
1168
245
262
465
786
990
832
825
1184
880
420
899
437
1
1100
322
1221
1234
1103
1123
568
462
1095
1011
574
348
785
226
796
469
1191
594
827
843
1089
29
935
1168
541
1076
1117
554
709
993
1197
454
908
1087
858
397
799
794
1223
672
1033
1045
399
1208
777
911
282
738
1037
797
913
819
1112
599
1006
1023
493
1070
1217
320
601
1232
332
458
2
434
913
437
831
549
796
756
540
1094
4
1209
416
228
1243
767
428
956
575
812
1044
832
636
657
13
531
697
442
759
914
868
818
1226
1017
8
545
881
850
924
53
1129
598
484
535
345
19
1090
237
276
998
578
1230
1020
479
1221
268
482
987
1037
836
500
1039
724
292
803
1083
487
950
357
824
803
630
1
1206
540
429
1108
513
699
608
716
967
668
1
600
946
417
44
425
914
252
504
941
1242
1
871
6
473
1163
555
446
627
1031
1
319
481
960
1053
763
583
1115
838
966
724
1160
955
765
652
457
904
27
544
1167
1134
26
1214
834
917
732
302
681
1154
442
854
1065
1141
808
1050
1056
9
344
450
373
362
470
752
1151
278
1233
523
548
1165
905
1185
849
48
1
1036
1107
699
1081
537
6
467
671
525
1181
738
219
1119
1096
1131
860
604
850
245
613
262
1029
1192
1085
619
1202
1227
942
1
748
1128
514
560
988
1145
535
40
835
1194
49
842
1
606
1055
664
233
402
835
1128
669
487
621
1
1000
772
973
352
659
405
396
338
1
1069
983
489
776
993
1215
946
1038
236
1106
960
971
732
530
310
615
923
779
847
722
249
980
125
9
1242
460
702
473
315
1220
831
724
1122
1000
45
922
875
492
482
334
2
466
266
261
853
826
1216
32
227
583
1024
1158
388
26
242
1098
863
1176
453
365
1
113
595
674
292
1092
462
990
813
946
1210
564
25
458
939
658
813
280
456
287
904
998
6
768
559
750
404
1075
509
1126
390
1010
271
711
1027
1073
874
1092
852
888
1171
890
1160
1086
770
1178
834
1153
1126
674
1098
349
743
1062
672
7
316
822
844
628
1001
1090
1164
1051
461
235
57
44
1133
979
498
361
3
4
1046
1002
300
501
368
883
539
829
353
376
829
46
658
531
906
588
312
876
815
745
6
1118
1202
1013
940
471
770
755
1060
992
822
2
52
986
3
897
456
597
21
2
275
1104
1039
995
253
668
19
985
866
434
753
645
1006
459
912
561
367
681
829
579
536
824
594
361
377
539
520
916
587
369
526
1086
749
1012
932
877
274
612
1225
560
495
981
758
870
1149
366
912
273
1025
663
540
530
1018
467
444
1024
21
2
1154
706
749
1
741
787
1182
899
1050
677
1169
368
726
1248
469
521
711
843
429
260
591
1197
386
228
1077
513
784
1164
850
1115
723
1229
3
509
551
907
1
567
914
941
4
1241
1241
