927
1
1
1
8
9
1
10
6
15
15
12
14
18
8
1
10
1
22
11
17
14
27
36
11
13
38
23
22
37
28
21
1
12
26
27
31
41
31
36
28
20
41
50
52
42
48
56
60
63
64
62
70
44
72
61
69
45
70
67
79
34
71
79
76
75
77
66
52
65
75
36
84
71
76
71
84
87
88
84
79
78
84
82
94
90
82
64
86
86
92
90
90
98
102
98
96
92
92
95
90
104
100
89
93
97
95
101
101
107
109
104
113
104
115
108
110
117
105
117
110
110
104
125
115
103
101
125
89
128
123
129
95
110
127
109
126
133
99
130
131
131
109
115
132
132
132
141
135
131
134
143
140
140
132
150
108
134
116
139
143
157
144
153
137
136
148
141
157
136
152
145
154
162
160
146
158
144
161
165
159
165
174
167
146
156
138
161
175
164
177
166
175
180
165
145
161
185
172
168
170
186
178
142
176
169
173
190
182
181
197
194
191
183
195
189
186
186
197
198
204
208
210
199
192
217
175
178
194
210
162
224
201
212
233
195
216
199
226
204
227
220
230
228
233
236
228
238
227
233
237
237
239
244
246
199
231
220
240
236
239
242
241
254
245
242
250
259
237
248
235
253
263
262
250
266
247
268
248
255
263
264
268
243
269
257
252
274
257
270
271
271
276
276
265
267
254
243
284
280
285
271
285
288
279
282
279
287
283
286
291
285
285
288
294
300
289
293
278
294
296
273
302
304
292
289
294
300
286
309
292
305
300
302
303
307
312
309
313
315
318
302
322
322
313
319
311
329
307
331
324
318
324
323
280
314
316
326
311
316
330
338
332
335
321
343
325
343
322
346
346
331
333
333
326
345
352
326
351
355
327
334
353
346
354
361
328
339
358
359
353
361
365
359
369
362
366
361
367
375
367
368
365
364
369
365
374
371
374
380
387
371
388
376
393
374
397
366
380
375
401
344
365
389
390
393
381
396
388
367
398
376
367
392
407
401
404
399
400
389
407
407
395
414
409
388
408
398
402
416
407
408
411
411
398
421
423
416
422
414
379
429
430
414
431
422
420
413
427
422
425
424
436
430
430
430
436
441
431
444
432
438
426
449
444
450
455
440
456
448
411
464
456
455
432
458
425
433
443
463
436
458
412
434
467
451
470
457
465
475
471
456
430
469
456
467
464
465
476
437
471
479
482
458
486
474
466
462
475
484
489
484
478
465
491
488
487
499
506
477
494
470
510
478
477
489
491
515
524
486
530
503
512
516
506
516
491
521
496
517
495
521
534
493
494
490
500
501
519
520
541
526
542
528
489
527
537
545
549
501
501
525
536
525
539
532
552
508
532
556
555
564
533
536
561
531
571
569
548
578
568
580
573
554
584
583
571
557
571
543
551
537
576
567
574
569
556
562
562
578
573
571
564
585
577
583
587
585
591
574
588
585
591
582
578
599
606
594
589
595
584
595
594
589
602
608
606
602
610
598
615
611
595
592
607
617
619
607
615
613
605
613
614
624
622
625
618
621
605
623
616
621
630
635
620
608
630
631
627
622
640
614
627
636
628
626
630
619
624
632
628
641
642
650
644
628
647
647
645
618
654
653
648
652
634
642
653
628
633
663
658
669
653
673
655
656
671
627
647
679
660
688
636
691
666
637
697
680
703
676
655
662
671
712
687
682
706
681
682
716
685
657
697
692
667
654
716
661
681
696
703
673
690
699
719
720
726
729
726
703
679
721
722
690
720
708
724
724
705
733
729
731
662
729
723
720
733
737
744
734
722
747
753
755
748
755
734
730
736
738
744
725
749
755
706
739
746
761
740
736
758
752
743
760
769
749
760
755
767
760
760
772
768
767
761
768
776
778
774
759
770
778
774
779
764
734
785
789
772
786
778
792
781
786
785
779
792
779
782
796
800
802
810
792
782
793
803
799
780
784
786
801
796
804
807
795
797
811
803
813
810
792
821
819
788
804
799
819
828
807
799
829
813
803
814
807
809
832
818
811
813
837
834
823
841
833
822
814
834
817
843
828
834
850
814
812
837
842
827
849
852
855
843
831
850
857
841
847
828
845
862
844
858
813
824
852
847
864
837
848
858
858
858
861
858
868
860
864
867
864
872
874
866
866
872
876
875
860
882
866
869
886
874
878
889
867
872
870
880
893
888
889
891
882
891
884
878
899
894
879
891
894
905
897
882
902
884
908
892
899
888
896
905
901
901
911
883
902
906
907
880
908
908
910
915
916
878
915
915
922
917
918
919
927
918
917
926
879
924
914
914
