381
294
251
1
188
97
246
317
153
1
101
354
89
51
255
87
62
310
167
342
74
162
24
45
316
87
305
66
288
96
161
230
107
169
328
158
13
295
2
90
378
3
266
336
236
56
101
344
334
190
210
193
339
324
201
253
372
91
81
211
83
163
55
122
131
360
228
332
67
1
48
216
272
152
369
29
24
291
102
84
159
18
256
154
245
49
229
5
110
227
265
26
348
195
28
176
198
147
91
330
150
227
310
172
6
372
364
170
38
100
370
11
75
285
292
200
69
110
336
11
217
298
356
232
220
99
158
238
259
64
55
338
193
62
343
171
302
2
1
140
160
138
168
287
253
95
256
106
161
8
136
92
227
360
150
237
102
118
305
54
145
82
353
289
280
209
231
3
381
1
375
192
142
348
200
4
64
29
1
137
160
214
249
266
190
155
198
337
45
127
43
51
91
67
356
25
181
127
111
16
299
295
144
240
173
352
381
145
286
83
3
2
115
316
218
238
204
311
264
297
100
158
295
124
108
320
172
126
160
303
73
223
293
4
150
208
106
165
158
42
1
77
118
82
207
76
1
352
1
243
188
256
180
168
373
311
136
57
183
85
2
74
370
167
268
70
2
352
287
263
86
208
181
38
328
375
171
33
181
339
270
257
182
291
2
271
149
193
355
180
129
141
2
225
331
163
98
49
69
3
136
277
51
123
238
155
304
109
302
47
263
255
320
230
60
220
7
312
373
102
174
166
311
236
311
42
8
125
1
141
75
249
151
278
328
5
2
95
184
173
56
11
282
264
167
36
11
75
62
43
268
3
8
328
224
209
254
372
164
71
2
346
5
325
29
196
221
260
78
112
92
161
110
284
144
62
52
310
75
338
190
218
199
363
371
19
62
283
329
177
334
362
262
73
318
38
185
126
323
101
164
206
304
243
176
319
353
311
159
107
118
34
17
190
1
333
210
184
78
113
112
373
196
296
117
150
38
46
205
250
139
1
175
1
227
17
149
295
65
164
374
41
85
51
173
346
6
144
92
1
81
1
211
53
247
290
83
235
117
286
88
328
133
76
179
329
2
228
80
302
83
244
130
56
310
212
316
50
323
64
10
217
118
250
138
60
171
271
153
349
271
100
110
1
379
216
319
3
7
239
365
