309
87
3
126
233
1
59
60
4
32
93
250
12
33
37
245
59
3
1
57
74
212
298
120
298
60
77
184
170
48
162
1
196
4
114
153
53
78
67
93
111
5
177
226
231
204
161
248
55
234
133
174
2
1
73
185
15
223
25
92
288
147
209
86
12
189
145
68
77
58
75
149
244
16
86
268
120
111
203
98
152
6
2
141
120
260
134
231
28
228
187
110
238
181
142
39
210
98
66
296
154
245
38
265
26
209
68
3
6
145
260
143
129
256
281
152
175
70
168
269
259
154
212
202
152
147
287
304
117
101
217
88
108
9
150
79
163
160
12
47
76
84
265
86
240
1
265
1
205
3
283
161
305
266
158
290
38
237
277
295
125
106
44
238
184
160
258
17
15
98
137
262
139
233
234
17
106
68
101
235
258
76
56
217
65
67
237
231
194
14
253
35
107
127
36
71
128
241
188
309
176
