346
254
160
136
65
1
259
142
214
85
26
204
56
293
269
106
166
235
176
178
259
343
205
3
234
230
313
185
261
57
292
1
147
283
278
136
35
171
94
2
165
60
322
228
31
125
314
67
2
154
153
30
124
111
163
35
141
1
117
128
113
267
302
275
234
69
305
179
32
298
193
57
14
175
72
291
36
1
281
296
2
299
59
278
51
318
298
141
227
243
12
17
329
206
172
269
123
207
201
55
214
3
145
155
321
229
256
9
275
277
255
53
3
46
98
156
22
322
338
42
6
43
85
317
60
287
313
316
24
2
23
253
248
122
294
178
250
178
151
334
314
215
177
138
231
219
68
170
74
259
306
22
66
175
330
76
84
337
192
220
300
201
121
3
282
293
114
261
96
28
214
63
73
161
114
1
287
213
246
164
242
37
100
242
145
42
222
89
346
338
170
186
79
1
174
120
225
73
132
268
17
