391
1
53
59
62
82
60
106
119
115
128
31
146
148
20
118
38
181
67
187
197
68
10
14
216
216
217
232
232
25
2
225
129
217
273
251
279
63
35
272
149
194
120
152
288
166
303
249
290
310
312
208
269
1
52
323
19
108
36
2
190
340
337
321
47
56
54
86
169
336
107
51
364
257
235
233
54
362
356
2
263
144
274
201
335
217
354
88
149
94
120
60
162
123
102
11
367
111
198
383
285
29
375
281
4
357
331
367
292
376
283
47
311
256
183
166
362
220
18
204
87
32
380
349
88
390
95
120
304
349
309
173
176
361
2
195
202
76
227
148
15
262
244
9
67
324
135
289
305
294
2
109
373
173
327
54
358
5
182
203
107
3
194
154
391
284
204
60
315
197
266
107
304
9
77
365
288
374
185
157
251
1
289
129
285
129
126
84
335
115
100
95
45
379
265
134
223
313
382
374
210
