377
1
7
9
6
11
31
47
60
48
68
26
108
115
122
123
130
137
109
2
50
6
10
109
157
2
161
183
126
191
218
139
139
236
235
133
167
75
48
92
239
263
7
271
31
86
242
169
2
140
179
293
157
192
272
52
56
264
57
280
236
321
4
147
219
81
116
332
39
328
353
173
150
247
65
339
284
227
158
227
359
73
2
29
158
299
203
289
20
76
1
4
79
83
219
32
352
219
186
344
59
27
338
82
39
351
91
123
209
363
366
273
227
184
349
254
143
350
116
34
318
3
372
94
147
98
251
290
131
322
8
117
99
247
166
277
130
377
306
1
264
223
2
272
88
312
255
167
48
372
174
127
2
356
25
138
139
365
150
271
160
238
257
184
2
42
76
272
374
212
292
284
60
273
345
324
102
367
242
1
195
368
193
68
34
364
21
343
17
150
323
114
146
331
308
108
123
278
151
25
232
